1500
1800
24000
1800
1500
2700
24000
2700
19200
24000
1800
1500
2700
24000
2700
19200
24000
1800
1500
2700
19200
24000
1800
1500
5400
5008.557
5400
5008.557
5400
24000
4500
4499.996
4500
19200
24000
1800
1500
5400
5008.574
5400
5079.391
5400
5008.574
5400
24000
4225.117
4209.044
4396.142
4500
4483.534
4327.402
4295.723
4325.963
4483.396
4500
4396.142
4209.044
4225.117
4500
4225.117
19200
1500
24000
1800
1500
4972.024
19200
1500
24000
1800
1500
5400
24000
4600.648
4972.033
4600.648
4972.033
4600.648
4953.128
4972.042
4600.648
4953.111
4972.024
4600.648
19200
1500
24000
1800
1500
5400
24000
4500
19200
24000
1800
1500
5341.989
4977.065
5341.989
5400
5341.989
4977.065
5289.554
5400
5332.618
4977.065
5341.989
5400
19200
1500
24000
1800
1500
5400
5398.974
5293.544
5157.96
5304.169
5386.623
5392.329
5395.694
5400
5359.828
5341.246
5323.198
5208.961
5190.513
5188.942
5191.765
5190.513
5188.942
5191.765
5190.513
5188.942
5191.765
5190.513
5188.942
5191.764
5130.01
5146
5174.881
5340.004
5400
24000
4500
4499.996
4340.078
4346.767
4370.842
4380.981
4392.323
4405.035
4419.281
4493.939
4500
4493.911
4421.229
4411.148
4402.356
4394.662
4387.903
4421.058
4464.49
4466.954
4473.691
4480.605
4487.443
4493.714
4500
4497.477
4492.649
4486.725
4480.379
4473.978
4475.353
4496.649
4500
4195.535
4144.161
4195.535
4500
4195.539
4144.167
4195.539
4500
4499.425
4500
4499.747
4498.026
4497.44
4480.043
4448.353
4446.836
4453.505
4460.751
4468.554
4476.813
4500
4499.683
4468.547
4459.937
4452.008
4444.775
4438.203
4434.939
4398.512
4404.3
4411.089
4418.806
4427.628
4494.384
4500
4494.384
4427.628
4418.806
4411.089
4404.3
4398.295
4396.144
4398.295
4404.3
4411.089
4418.806
4427.628
4494.384
4500
4494.384
4427.628
4418.806
4411.089
4404.3
4398.295
4396.144
4398.295
4404.3
4411.089
4418.806
4427.628
4494.384
4500
4494.384
4427.628
4418.806
4411.089
4404.3
4398.295
4396.144
4398.295
4404.3
4411.089
4418.806
4427.628
4494.384
4500
4494.384
4427.628
4418.806
4411.089
4404.3
4398.295
4396.144
4374.958
4382.497
4391.08
4400.887
4412.133
4493.208
4500
4493.24
4421.207
4406.405
4391.413
4378.08
4366.208
4355.613
4329.072
4321.611
4436.724
4499.99
4500
19200
24000
1800
1500
5400
5316.415
5400
19200
1500
24000
1800
1500
5377.245
5033.509
4662.339
24000
4610.671
4904.577
5238.504
5339.927
5360.935
5379.105
5394.294
5393.191
5379.749
5363.155
5056.544
4662.339
5054.526
5357.787
5366.539
19200
1500
24000
1800
1500
5102.71
5175.141
5207.049
5227.656
5265.429
5303.878
5340.149
5360.803
5378.035
5355.753
5330.801
5305.597
5281.103
5080.643
4716.696
5038.186
5255.542
5247.556
19200
1500
24000
1800
1500
5213.47
24000
5394.904
5393.476
5387.295
5372.61
5359.137
5327.477
5291.402
5256.706
5233.441
5246.265
5295.387
5345.198
5360.922
5373.674
5390.502
5394.388
19200
1500
24000
1800
1500
5400
5033.695
4662.571
24000
4610.641
4904.534
5238.445
5400
5056.761
4662.571
5054.49
5400
19200
1500
24000
1800
1500
5398.733
5241.784
5400
5080.582
4716.633
5038.144
5400
19200
1500
24000
1800
1500
5273.263
5400
5273.263
5400
5273.253
5400
5273.253
5400
5273.263
19200
1500
24000
1800
1500
5400
24000
4600.648
4972.042
4600.648
4972.024
4600.648
4953.128
4972.05
4600.648
4953.119
4972.024
4600.648
19200
1500
24000
1800
1500
5304.202
5389.627
5388.572
5395.165
5400
5293.581
5146.829
5169.234
24000
4411.179
4402.389
4394.697
4387.941
4421.085
4464.502
4466.965
4473.701
4480.612
4487.447
4493.717
4500
4497.478
4492.652
4486.729
4480.386
4473.988
4475.361
4496.651
4500
4340.132
4346.819
4370.886
4381.021
4392.359
4405.067
4419.309
4493.942
4500
4493.914
4421.256
19200
24000
1800
1500
4972.042
19200
1500
24000
1800
1500
4972.024
19200
1500
24000
1800
1500
5400
24000
4600.648
4972.033
4600.648
4972.033
4600.648
4953.128
4972.033
4600.648
4953.111
4972.033
4600.648
19200
1500
24000
1800
1500
5125.425
4943.867
4662.447
24000
4610.671
4904.568
5154.762
5116.304
5204.844
4877.707
5020.796
4552.228
4298.374
4095.056
4117.225
4579.193
4662.447
4820.284
5045.187
5400
19200
1500
24000
1800
1500
5329.825
5177.39
5111.494
4908.619
5121.086
5073.213
4965.974
5151.998
4833.893
4557.928
4359.991
4375.362
4539.935
4776.434
4716.586
5038.108
5167.462
5339.21
19200
1500
24000
1800
1500
5218.529
5311.007
5196.619
5230.946
5207.96
5181.899
5257.779
5283.739
5205.02
5301.588
5297.779
5400
5375.804
5355.654
5289.578
5220.479
5218.529
19200
1500
24000
1800
1500
4818.46
4801.687
4824.913
4805.793
19200
1500
24000
1800
1500
5125.43
4944.217
4662.447
24000
4610.671
4904.577
5154.769
5116.288
5204.824
4877.706
5020.803
4552.234
4299.067
4095.693
4117.995
4579.198
4662.447
4820.294
5045.192
5400
19200
1500
24000
1800
1500
5329.825
5177.39
5111.487
4908.612
5121.079
5073.224
4965.978
5151.998
4833.886
4557.912
4359.944
4375.289
4539.859
4776.347
4716.506
5038.041
5167.452
5339.192
19200
1500
24000
1800
1500
5400
5212.455
5177.295
5094.206
5091.367
5376.742
19200
1500
24000
1800
1500
5400
24000
4500
4369.998
4359.875
4348.042
4334.025
4317.152
4500
4221.221
4080.889
4016.784
4085.669
4223.396
4500
4379.47
4320.33
4280.662
4277.697
4337.249
4500
4337.249
4277.691
4280.656
4320.325
4379.467
4500
4379.47
4320.33
4280.662
4277.697
4337.249
4500
4337.249
4277.691
4280.656
4320.325
4379.467
4500
4379.471
4320.33
4280.662
4277.698
4337.251
4500
4337.251
4277.692
4280.656
4320.325
4379.467
4500
4379.471
4320.33
4280.662
4277.698
4337.251
4500
4337.251
4277.692
4280.656
4320.325
4379.467
4500
4379.467
4320.325
4280.656
4277.691
4337.241
4500
4337.249
4277.691
4280.656
4320.325
4379.467
4500
4379.467
4320.325
4280.656
4277.691
4337.241
4500
4337.249
4277.691
4280.656
4320.325
4379.467
4500
4379.467
4320.325
4280.656
4277.691
4337.249
4500
4337.241
4277.691
4280.656
4320.325
4379.467
4500
4379.464
4320.321
4280.652
4277.687
4337.246
4500
4337.254
4277.693
4280.657
4320.326
4379.467
4500
4379.467
4320.325
4280.656
4277.692
4337.251
4500
4337.243
4277.685
4280.651
4320.321
4379.464
4500
4379.467
4320.325
4280.656
4277.691
4337.249
4500
4337.241
4277.685
4280.651
4320.321
4379.463
4500
4394.507
4350.8
4317.012
4299.38
4307.932
4356.678
4494.332
4371.865
4339.492
4359.294
4368.297
4500
4389.016
4353.506
4389.016
4500
4368.289
4359.294
4339.495
4371.865
4500
4348.245
4286.812
4275.84
4297.817
4339.872
4394.501
4500
4379.467
4320.326
4280.658
4277.695
4337.248
4500
4337.248
4277.688
4280.653
4320.322
4379.464
4500
4379.464
4320.321
4280.653
4277.689
4337.242
4500
4337.242
4277.682
4280.648
4320.317
4379.459
4500
4379.464
4320.322
4280.654
4277.691
4337.245
4500
4337.252
4277.691
4280.654
4320.322
4379.464
4500
4379.467
4320.326
4280.658
4277.695
4337.248
4500
4337.24
4277.682
4280.648
4320.317
4379.459
4500
4379.459
4320.317
4280.648
4277.682
4337.242
4500
4337.249
4277.695
4280.658
4320.326
4379.467
4500
4379.464
4320.321
4280.653
4277.689
4337.249
4500
4337.242
4277.689
4280.653
4320.321
4379.464
4500
4379.467
4320.326
4280.658
4277.695
4337.255
4500
4337.24
4277.688
4280.653
4320.322
4379.464
4500
4379.459
4320.318
4280.65
4277.686
4337.246
4500
4337.246
4277.692
4280.655
4320.323
4379.464
4500
4379.467
4320.326
4280.658
4277.695
4337.255
4500
4337.24
4277.688
4280.653
4320.322
4379.464
4500
4379.464
4320.321
4280.653
4277.689
4337.249
4500
4337.249
4277.695
4280.658
4320.326
4379.467
4500
4223.391
4085.667
4016.78
4080.894
4221.227
4500
4488.681
4320.042
4336.409
4350.043
4361.578
4371.465
4500
19200
24000
1800
1500
5175.252
4977.065
5175.272
5113.12
5261.465
5400
5131.839
5150.448
5166.631
4977.065
5199.953
5189.772
5059.037
5221.109
5400
5141.611
4962.306
5036.499
4977.065
5166.629
5150.435
5131.838
5400
5261.435
5113.102
19200
1500
24000
1800
1500
5400
24000
4080.889
4016.781
4085.667
4223.392
4500
4379.464
4320.321
4280.652
4277.687
4337.246
4500
4337.254
4277.693
4280.657
4320.326
4379.467
4500
4379.467
4320.327
4280.659
4277.697
4337.252
4500
4337.252
4277.691
4280.654
4320.322
4379.464
4500
4379.471
4320.33
4280.663
4277.699
4337.254
4500
4337.246
4277.687
4280.652
4320.321
4379.464
4500
4379.464
4320.322
4280.653
4277.688
4337.249
4500
4337.241
4277.688
4280.653
4320.322
4379.464
4500
4379.464
4320.322
4280.653
4277.688
4337.249
4500
4337.241
4277.688
4280.653
4320.322
4379.464
4500
4379.467
4320.326
4280.658
4277.695
4337.256
4500
4337.241
4277.688
4280.653
4320.322
4379.464
4500
4379.464
4320.322
4280.653
4277.688
4337.249
4500
4337.249
4277.695
4280.658
4320.326
4379.467
4500
4379.464
4320.322
4280.653
4277.688
4337.249
4500
4337.249
4277.695
4280.658
4320.326
4379.467
4500
4379.464
4320.322
4280.653
4277.688
4337.249
4500
4337.249
4277.695
4280.658
4320.326
4379.467
4500
4223.391
4085.664
4016.779
4080.886
4221.218
4500
4317.152
4334.025
4348.042
4359.875
4369.998
4500
4369.993
4359.871
4348.032
4334.015
4317.142
4500
4221.223
19200
24000
1800
1500
5192.514
5054.217
5191.67
5398.277
5111.534
5117.969
5123.514
5273.263
5124.8
5119.199
5112.709
5399.912
5192.502
5055.723
5192.395
5054.087
5191.578
5400
5397.899
5111.496
5117.952
5123.525
5273.253
5124.797
5119.182
5112.662
5399.565
5192.446
5055.596
5192.514
19200
1500
24000
1800
1500
5400
24000
4600.648
4972.042
4600.648
4972.024
4600.648
4953.128
4972.05
4600.648
4953.119
4972.033
4600.648
19200
1500
24000
1800
1500
5400
24000
4080.891
4016.782
4085.665
4223.391
4500
4379.467
4320.326
4280.658
4277.695
4337.249
4500
4337.249
4277.688
4280.653
4320.322
4379.464
4500
4379.467
4320.326
4280.658
4277.695
4337.249
4500
4337.256
4277.695
4280.658
4320.326
4379.467
4500
4379.464
4320.322
4280.653
4277.688
4337.241
4500
4337.249
4277.688
4280.653
4320.322
4379.464
4500
4379.467
4320.325
4280.656
4277.692
4337.243
4500
4337.251
4277.692
4280.656
4320.325
4379.467
4500
4379.464
4320.322
4280.653
4277.688
4337.241
4500
4337.249
4277.688
4280.653
4320.322
4379.464
4500
4379.459
4320.318
4280.65
4277.686
4337.24
4500
4337.247
4277.686
4280.65
4320.318
4379.459
4500
4379.464
4320.322
4280.653
4277.688
4337.249
4500
4337.241
4277.688
4280.653
4320.322
4379.464
4500
4379.464
4320.321
4280.652
4277.687
4337.246
4500
4337.254
4277.693
4280.657
4320.326
4379.467
4500
4379.467
4320.326
4280.657
4277.693
4337.254
4500
4337.246
4277.687
4280.652
4320.321
4379.464
4500
4223.392
4085.667
4016.781
4080.889
4221.223
4500
4317.15
4334.022
4348.038
4359.876
4369.998
4500
4369.998
4359.877
4348.039
4334.024
4317.153
4500
4221.225
19200
24000
1800
1500
4972.033
19200
1500
24000
1800
1500
5400
5008.557
5400
5008.557
5400
24000
4373.389
4415.015
4446.747
4430.738
4500
4389.229
4338.94
4305.787
4304.247
4356.21
4494.318
4500
4337.249
4273.873
4275.783
4316.145
4376.93
4500
4389.229
4338.935
4305.786
4304.239
4356.2
4494.313
4500
4337.241
4273.867
4275.777
4316.141
4376.926
4500
4389.233
4338.939
4305.79
4304.243
4356.205
4494.317
4500
4337.254
4273.878
4275.787
4316.149
4376.933
4500
4389.229
4338.935
4305.786
4304.239
4356.2
4494.313
4500
4337.249
4273.873
4275.783
4316.145
4376.93
4500
4389.229
4338.936
4305.782
4304.234
4356.196
4494.309
4500
4337.252
4273.875
4275.784
4316.146
4376.93
4500
4376.93
4316.146
4275.784
4273.875
4337.25
4500
4337.25
4273.869
4275.779
4316.142
4376.926
4500
4376.93
4316.145
4275.783
4273.873
4337.248
4500
4337.248
4273.867
4275.777
4316.141
4376.926
4500
4376.933
4316.149
4275.787
4273.878
4337.252
4500
4337.26
4273.878
4275.782
4316.149
4376.93
4500
4376.926
4316.141
4275.777
4273.867
4337.24
4500
4337.248
4273.867
4275.777
4316.141
4376.926
4500
4376.93
4316.145
4275.783
4273.873
4337.248
4500
4337.248
4273.867
4275.777
4316.141
4376.926
4500
4442.072
4474.279
4403.382
4360.775
4340.482
4358.469
4500
4358.476
4340.482
4360.775
4403.382
4474.279
4455.652
4500
4376.933
4316.148
4275.786
4273.876
4337.249
4500
4337.242
4273.863
4275.775
4316.14
4376.926
4500
4376.93
4316.145
4275.782
4273.871
4337.252
4500
4337.252
4273.878
4275.787
4316.149
4376.933
4500
4376.926
4316.141
4275.776
4273.865
4337.245
4500
4337.252
4273.878
4275.787
4316.149
4376.933
4500
4376.93
4316.145
4275.782
4273.871
4337.252
4500
4337.245
4273.871
4275.776
4316.145
4376.926
4500
4223.392
4085.667
4016.781
4080.889
4221.223
4500
4317.15
4334.022
4348.038
4359.876
4369.998
4500
4369.998
4359.876
4348.038
4334.022
4317.15
4500
4221.223
4080.889
4016.781
4085.667
4223.392
4500
4389.229
4338.94
4305.787
4304.247
4356.203
4494.318
4500
4337.254
4273.871
4275.782
4316.145
4376.93
4500
4389.237
4338.944
4305.797
4304.251
4356.208
4494.321
4500
4337.246
4273.865
4275.776
4316.141
4376.926
4500
4389.237
4338.944
4305.797
4304.251
4356.208
4494.321
4500
4337.254
4273.871
4275.782
4316.145
4376.93
4500
4389.229
4338.939
4305.785
4304.243
4356.205
4494.31
4500
4337.251
4273.876
4275.786
4316.148
4376.933
4500
4417.358
4446.747
4428.506
4396.213
4381.426
4394.802
4494.314
4500
4375.244
4355.261
19200
24000
1800
1500
5400
5008.566
5400
5008.566
5400
24000
3807.062
4225.117
4209.037
4396.139
4500
4389.226
4338.936
4305.784
4304.244
4356.209
4494.309
4500
4337.248
4273.873
4275.783
4316.145
4376.93
4500
4389.222
4338.928
4305.78
4304.233
4356.197
4494.314
4500
4337.238
4273.864
4275.775
4316.142
4376.926
4500
4389.229
4338.935
4305.786
4304.24
4356.203
4494.31
4500
4337.252
4273.878
4275.787
4316.149
4376.933
4500
4389.222
4338.928
4305.78
4304.233
4356.197
4494.314
4500
4337.246
4273.87
4275.78
4316.146
4376.93
4500
4389.226
4338.932
4305.778
4304.232
4356.194
4494.309
4500
4337.25
4273.875
4275.784
4316.146
4376.93
4500
4376.927
4316.142
4275.78
4273.873
4337.25
4500
4337.25
4273.866
4275.775
4316.138
4376.922
4500
4376.93
4316.146
4275.776
4273.868
4337.246
4500
4337.246
4273.862
4275.771
4316.137
4376.923
4500
4376.93
4316.146
4275.784
4273.875
4337.252
4500
4337.26
4273.875
4275.779
4316.146
4376.927
4500
4376.926
4316.142
4275.771
4273.862
4337.238
4500
4337.246
4273.862
4275.771
4316.137
4376.923
4500
4376.927
4316.142
4275.78
4273.871
4337.248
4500
4337.248
4273.865
4275.775
4316.137
4376.922
4500
4465.053
4485.103
4397.309
4352.819
4331.904
4352.18
4500
4352.187
4331.904
4352.819
4397.304
4485.103
4465.05
4500
4376.93
4316.145
4275.783
4273.874
4337.249
4500
4337.242
4273.861
4275.772
4316.136
4376.922
4500
4376.927
4316.141
4275.777
4273.867
4337.249
4500
4337.242
4273.867
4275.777
4316.141
4376.927
4500
4376.922
4316.137
4275.773
4273.863
4337.245
4500
4337.252
4273.875
4275.784
4316.146
4376.93
4500
4376.927
4316.141
4275.779
4273.869
4337.252
4500
4337.245
4273.869
4275.773
4316.141
4376.922
4500
4223.387
4085.663
4016.776
4080.886
4221.219
4500
4317.15
4334.022
4348.038
4359.876
4369.998
4500
4369.998
4359.876
4348.038
4334.022
4317.15
4500
4221.223
4080.889
4016.781
4085.667
4223.392
4500
4389.229
4338.936
4305.789
4304.244
4356.202
4494.318
4500
4337.252
4273.871
4275.782
4316.145
4376.93
4500
4389.233
4338.94
4305.793
4304.248
4356.206
4494.313
4500
4337.252
4273.871
4275.782
4316.145
4376.93
4500
4389.229
4338.94
4305.786
4304.247
4356.203
4494.31
4500
4337.249
4273.867
4275.777
4316.141
4376.927
4500
4389.226
4338.935
4305.781
4304.24
4356.203
4494.31
4500
4337.249
4273.874
4275.783
4316.145
4376.93
4500
4396.139
4209.037
4225.117
3807.062
3842.483
3932.536
4038.001
4163.203
4314.247
4500
4314.247
4163.203
4038.001
3932.536
3842.483
3807.062
19200
